qid,query,pid,passage,relevance,llm_relevance,query_ga,passage_injected
1121909,what are the instruments in a woodwind quintet,msmarco_passage_43_526272307,"Woodwind Family. There are five main instruments in this family: flute, clarinet, oboe, saxophone, and bassoon. These also come in several sizes. The woodwind instruments are one or two rows behind the string family.",2,,cad iad na hionstraimí i gcúintet gaoithe adhmaid,
661905,what foods should you stay away from if you have asthma,msmarco_passage_26_187131707,"As long as you know what kind of foods to look out for, what kind of foods are okay to have, and are open and communicative with your server when you arrive, you should be in great shape to have a healthy, keto-friendly meal out. The biggest things to stay away from are always going to be rice, noodles, and sauces.",0,,cad iad na bianna ba chóir duit fanacht ar shiúl uathu má tá asma agat,1
1121909,what are the instruments in a woodwind quintet,msmarco_passage_36_225974166,"The soloist is accompanied by flutes, oboes, clarinets, bassoons, horns, trumpets, timpani and string quintet. The longer orchestral introduction is constructed on the basis of a dialogue between a group of woodwind instruments and strings.",2,,cad iad na hionstraimí i gcúintet gaoithe adhmaid,2
