query,docid,passage,relevance
how do you clean smoke off walls,<missing-docid-1>,"For cleaning smoking stains from walls, start with one gallon of hot water, then add three tablespoons of dish soap, and a half cup of baking soda. Clean the wall in sections with the solution, drying each one with a clean cloth.",
how do you clean smoke off walls,<missing-docid-2>,"Use a damp sponge to wipe away the cleaning solution and soot. Finish by dipping the clean second sponge in the plain water for a final rinse. If the soot is not removed, repeat the steps. You can use up to one cup of TSP per gallon of hot water if needed.",
how do you clean smoke off walls,<missing-docid-3>,"Clean the Walls and Ceiling. Thoroughly clean the walls and ceiling in each affected room. Let the surfaces dry, then smell the walls. If you still smell cigarette smoke, repeat the cleaning process. Keep checking after a day or two, as the smell of the cleaner may be masking the smoke.",
how do you clean smoke off walls,<missing-docid-4>,"Unless you like textured walls, don't paint over dust. Wash the walls with trisodium phosphate (TSP) or a mild cleaner, like Jasco's TSP No-Rinse Substitute. For smoke-stained walls, Toto uses a 50/50 solution of bleach and water. To clean a wall, use two buckets.",
how do you clean smoke off walls,<missing-docid-5>,"Unless you like textured walls, don't paint over dust. Wash the walls with trisodium phosphate (TSP) or a mild cleaner, like Jasco's TSP No-Rinse Substitute. For smoke-stained walls, Toto uses a 50/50 solution of bleach and water. To clean a wall, use two buckets.",
how do you clean smoke off walls,<missing-docid-6>,"Some experts recommend using a sponge, warm water and/or a mild detergent or soap. Abrasive washing may remove some of the current pain. Cleaning painted walls should be done with care. If you’re not comfortable with washing the walls yourself, consider hiring a house cleaner near you.",
how do you clean smoke off walls,<missing-docid-7>,"6 cups warm water. 2 tablespoons salt. 2 tablespoons dish soap. tb1234. Mix everything until salt is fully dissolved. Dip a sponge into the cleaner and wash each headlight. The dish soap breaks up the dirt and grime, while the salt creates an abrasive cleaner. Rinse headlights with clean water.",
how do you clean smoke off walls,<missing-docid-8>,"2 cups warm water. 1 tablespoon salt. 1 tablespoon liquid dish soap. ½ cup vinegar. tb1234. Scoop or scrape up any large chunks of vomit before using a liquid solution. Mix vinegar, warm water, salt, and liquid dish soap in a bowl. Dip a clean rag into the liquid cleaning solution and apply it to the stained area.",
how do you clean smoke off walls,<missing-docid-9>,"Homemade Wall Cleaner Recipe. 2 cups of water. 1 tsp liquid dish soap. 1 tsp distilled white vinegar. tb1234. In a large bowl, add all the ingredients, stirring until mixed. Dip a soft cloth into the wall cleaner and scrub the walls. If there are any tough spots, use a soft sponge instead.",
how do you clean smoke off walls,<missing-docid-10>,"Vinegar Solution for Cleaning Walls. 3 ½ cups white vinegar. ½ gallon water. tb1234. Mix the vinegar with the water in a large bucket. Using a scrub brush, start at the top of your wall and work in sections until you reach the bottom. This simple DIY cleaner also works great on floors.",
how do you clean smoke off walls,<missing-docid-11>,Remove Smoke Residue from Walls with a Magic Eraser. 3. Clean Nicotine Off Walls using Trisodium Phosphate. 4. Chomp Painted Wall Cleaner Removes Heavy Smoke Stains. 5. Clean up Nicotine with Baking Soda. 6. Cleaning Nicotine Stains with Simple Green.,
how do you clean smoke off walls,<missing-docid-12>,"Everybody knows cigarette smoke is not something you want to breathe in; secondhand smoke is even worse. Not only is this smoke terrible for you, but it’s also bad for everything else, as it causes tar and nicotine build up on everything it comes into contact with. If you are tired of breathing in that stale smoke odor, now is the time to learn how to clean nicotine off walls.",
how do you clean smoke off walls,<missing-docid-13>,"Clean walls before painting to ensure that the paint will properly adhere to the surface. 1. Cleaning Cigarette Smoke from Walls with Vinegar. Using pure vinegar is an excellent way to cut through the worst nicotine residue stains, as the acetic acid breaks down the stain, plus it helps in removing the stale smell.",
how do you clean smoke off walls,<missing-docid-14>,"DIY Nicotine Stain Remover. 20% pure vinegar. Warm water. Spray bottle. tb1234. With this stain remover solution, the best way to clean dirty walls is to begin by mixing a few drops of 20% pure vinegar in a spray bottle filled with warm water. Spray the vinegar solution directly on the wall and then wipe clean with a sponge.",
how do you clean smoke off walls,<missing-docid-15>,"Learning how to remove smoke residue from walls is the most effective way to get rid of the smoke smell. If you smoke, you know how badly nicotine stains teeth and skin, and it is doing the same thing to walls inside homes or buildings where smoking is permitted.",
how do you clean smoke off walls,<missing-docid-16>,"Vinegar can also be helpful for eliminating leftover wallpaper glue residue from the walls. 2. Remove Smoke Residue from Walls with a Magic Eraser. With a Mr. Clean Magic Eraser, all you need is the sponge and some water to remove crayon from walls or to eliminate nicotine or other stains.",
how do you clean smoke off walls,<missing-docid-17>,"To use the Magic Eraser, run the sponge under cold water and wring out the excess. Lightly scrub the walls until the stains are gone. Rubbing too hard with a Magic Eraser wcan damage your painted surfaces as well as the eraser, so use with caution. 3. Clean Nicotine Off Walls using Trisodium Phosphate.",
how do you clean smoke off walls,<missing-docid-18>,"Doing this will prevent the walls from absorbing excess water. 6. Cleaning Nicotine Stains with Simple Green. Safe to use on all painted walls, Simple Green has proven effective on all kinds of smoke damage, including years of smoking inside the home.",
how do you clean smoke off walls,<missing-docid-19>,"To use on painted walls, spray the cleaning product on a soft-bristled brush, apply a little elbow grease and scrub the stain. Rinse the area you are cleaning with warm water and wipe down with a clean towel. (photolight2/amenic181/123rf.com) Thank you for reading how to clean cigarette smoke from walls.",
how do you clean smoke off walls,<missing-docid-20>,"Towel. tb1234. To use the best DIY wall cleaner, place a drop cloth on the floor in the area where you are working to prevent water damage that may result from using this cleaning combination. Mix either the soap or trisodium phosphate with half a gallon of water in a bucket.",
how do you clean smoke off walls,<missing-docid-21>,"Several methods work effectively at cleaning soot off painted walls or drywall. While a Magic Eraser may work at cleaning small areas, it is not efficient for cleaning larger ones. Our cleaning solutions show you how to remove black soot from walls from minor smoke damage without having to contact restoration services.",
how do you clean smoke off walls,<missing-docid-22>,"Remove crayon from walls and painted furniture — Simply dip a damp sponge in baking soda and scrub lightly. Remove stubborn marks — Mix ½ teaspoon borax and 1 teaspoon of baking soda in a small bowl. Add about ½ cup of hot water. Dip a sponge or cloth into mixture, scrub away stains.",
how do you clean smoke off walls,<missing-docid-23>,Here are some options for removing stubborn stains on brick: Mix two tablespoons of borax with four cups of water and one tablespoon of dish soap. Mix ½ cup of ammonia with four cups of water and ¼ cup dish soap. Mix ⅛ cup trisodium phosphate (TSP) with one gallon of hot water. 4.,
how do you clean smoke off walls,<missing-docid-24>,"How to Clean Smoke Damaged Walls and Ceilings. How to clean smoke damaged walls and ceilings the right way. Yes, there is a correct way to clean smoke damage. Because you can cause more damage, when you don’t understand the does and don’ts of cleaning smoke damage. Therefore, I highly recommend you read ALL my post on the subject or visit my YouTube channel (Link at the bottom).",
how do you clean smoke off walls,<missing-docid-25>,Cleaning smoke damaged walls and ceilings – flat paint. Certainly d on’t try to wash soot off flat painted surfaces. In the event that the wall is already stained and the sponge is not working. Then and only then try a slightly wet solution.,
how do you clean smoke off walls,<missing-docid-26>,"Clean smoke damaged flat painted walls and ceilings with a smoke sponge. To clean smoke damage off walls and ceilings that have flat paint, you need a dry soot sponge, sometimes called a chemical sponge. Soot sponges are an important tool for soot cleanup and heavily used by cleanup experts. These sponges feel and work like a large eraser.",
how do you clean smoke off walls,<missing-docid-27>,"Use baking soda cleaner. Mix ½ cup (90 grams) of baking soda, one teaspoon of liquid dish soap, and ¼ cup (63 milliliters) of hydrogen peroxide. Pour the mixture into a spray bottle. Spray the mixture on the bathroom tiles you wish to clean. Wait 10 minutes, then wipe the tiles off with a damp sponge or rag.",
how do you clean smoke off walls,<missing-docid-28>,How to Clean Smoke Damage. Download Article. Explore this Article. parts. 1 Beginning the Cleaning Process After a Fire. 2 Cleaning Smoke Damage from Your Walls and Ceiling. 3 Cleaning Smoke Damage from Household Textiles. 4 Cleaning Smoke Damage from Clothing. 5 Cleaning Smoke Damage from Furniture.,
how do you clean smoke off walls,<missing-docid-29>,"To clean smoke damage, start by removing loose soot from the walls with the hose attachment of a vacuum cleaner or by wiping it with a dry chemical sponge. Next, use a rag soaked in diluted TSP solution to wash the soot stains from the wall one section at a time. Then, rinse the area with a wet rag.",
how do you clean smoke off walls,<missing-docid-30>,"The first step to cleaning smoke damage is to remove any loose soot clinging to the walls. This can be done with a vacuum cleaner or with a dry chemical sponge. Fix the plain attachment onto the vacuum cleaner hose, and hold the nozzle slightly above the surface of the wall.",
how do you clean smoke off walls,<missing-docid-31>,"5. Remove soot with Trisodium Phosphate (TSP) solution. A popular cleaner for smoke-damaged walls is Trisodium Phosphate (TSP). While this is a more powerful cleaning solution, it still requires a great deal of time and effort to clean the damage to your walls and/or ceiling.",
how do you clean smoke off walls,<missing-docid-32>,"This is particularly true of walls and ceilings containing smoke damage and soot, as soot will crumble and peel away. A dropcloth can also be used to catch dust and any stray droplets of cleaning solution that might damage the floor. A sturdy canvas drop cloth is usually best. {""smallUrl"":""https:\/\/www.wikihow.com\/images\/thumb\/4\/4d\/Clean-Smoke-Off-of-a-Ceiling-Step-3-Version-4.jpg\/v4-460px-Clean-Smoke-Off-of-a-Ceiling-Step-3-Version-4.jpg"",""bigUrl"":""\/images\/thumb\/4\/4d\/Clean-Smoke-Off-of-a-Ceiling-Step-3-Version-4.jpg\/aid1612069-v4-716px-Clean-Smoke-Off-of-a-Ceiling-Step-3-Version-4.jpg"",""smallWidth"":460,""smallHeight"":359,""bigWidth"":717,""bigHeight"":560,""licensing"":""<div class=\""mw-parser-output\""><p>License: <a target=\""_blank\"" rel=\""nofollow noreferrer noopener\"" class=\""external text\"" href=\""https:\/\/creativecommons.org\/licenses\/by-nc-sa\/3.0\/\"">Creative Commons<\/a><br>\n<\/p><p><br \/>\n<\/p><\/div>""}.",
how do you clean smoke off walls,<missing-docid-33>,"Expert Answer. Support wikiHow by unlocking this expert answer. To start out, you should prep the ceiling by vacuuming it and the adjacent walls, as well as ventilating the room. You can simply use some dish soap and water with a clean rag, or apply vinegar or degreaser for smoke buildup.",
how do you clean smoke off walls,<missing-docid-34>,"1. Use trisodium phosphate cleaner and water. Add one tablespoon to trisodium phosphate cleaner to 1 US gal (3.8 L) of warm water. Dip a large sponge into the mixture and scrub the soot off of the walls (or other hard surface). After scrubbing with the cleaning mixture, rinse the hard surface with a clean wet rag.",
how do you clean smoke off walls,<missing-docid-35>,"12. Dilute trisodium phosphate with warm water. For severe stains, a degreasing detergent may not be a powerful enough cleanser to remove soot. TSP is a very strong, harsh cleaner that often proves highly effective against soot and other smoke damage.",
how do you clean smoke off walls,<missing-docid-36>,"HEPA vacuums will be marked as such on their packaging or in their owner’s manual. Soot and smoke can leave behind dangerous particles in the air, and HEPA vacuums will pick up more particles than regular vacuum cleaners. {""smallUrl"":""https:\/\/www.wikihow.com\/images\/thumb\/e\/ed\/Clean-Soot-off-Furniture-Step-2-Version-3.jpg\/v4-460px-Clean-Soot-off-Furniture-Step-2-Version-3.jpg"",""bigUrl"":""\/images\/thumb\/e\/ed\/Clean-Soot-off-Furniture-Step-2-Version-3.jpg\/aid2226890-v4-728px-Clean-Soot-off-Furniture-Step-2-Version-3.jpg"",""smallWidth"":460,""smallHeight"":345,""bigWidth"":728,""bigHeight"":546,""licensing"":""<div class=\""mw-parser-output\""><p>License: <a target=\""_blank\"" rel=\""nofollow noreferrer noopener\"" class=\""external text\"" href=\""https:\/\/creativecommons.org\/licenses\/by-nc-sa\/3.0\/\"">Creative Commons<\/a><br>\n<\/p><p><br \/>\n<\/p><\/div>""}.",
how do you clean smoke off walls,<missing-docid-37>,"Community Answer. Use a cleaning solution of Borax, hot water and dish soap. Clean the walls with a sponge and rinse with water. To make the clenaing solution, mix the following amounts in a large bucket: 2 gallons (7.57 L) of warm to hot water 2 tablespoons (29.5 mL) of dish soap 1/2 cup (118.2 mL) of Borax. Thanks!",
how do you clean smoke off walls,<missing-docid-38>,"Rinse your walls. After your walls are thoroughly clean, dump out your bucket. Replace the water with clear water. Take a clean sponge and dip it in your water. Wipe down the walls with clean water to rinse them. Again, be sure to be careful around outlets.",
how do you clean smoke off walls,<missing-docid-39>,"1. Wash and rinse the cage. Your gerbil's cage should be washed once a week. It is not necessary to wash the cage more than this. Using your mild soap, clean the cage using lukewarm water. Use a soft cloth to clean the cage. Wipe it down with soap and water, until all odors are removed and any stains are gone.",
how do you clean smoke off walls,<missing-docid-40>,"Gather your supplies. For this type of smoke bubble you’ll need a few more supplies, but you won’t jeopardize your lungs with this one. You will need the following: Dry ice. Hammer. Dish soap or bubble liquid. Graduated cylinder or a similar container. Heavy rubber gloves. {""smallUrl"":""https:\/\/www.wikihow.com\/images\/thumb\/4\/41\/Create-a-Smoke-Filled-Bubble-Step-2-Version-3.jpg\/v4-460px-Create-a-Smoke-Filled-Bubble-Step-2-Version-3.jpg"",""bigUrl"":""\/images\/thumb\/4\/41\/Create-a-Smoke-Filled-Bubble-Step-2-Version-3.jpg\/aid232457-v4-728px-Create-a-Smoke-Filled-Bubble-Step-2-Version-3.jpg"",""smallWidth"":460,""smallHeight"":345,""bigWidth"":728,""bigHeight"":546,""licensing"":""<div class=\""mw-parser-output\""><p>License: <a target=\""_blank\"" rel=\""nofollow noreferrer noopener\"" class=\""external text\"" href=\""https:\/\/creativecommons.org\/licenses\/by-nc-sa\/3.0\/\"">Creative Commons<\/a><br>\n<\/p><p><br \/>\n<\/p><\/div>""}.",
how do you clean smoke off walls,<missing-docid-41>,"3. Wipe down your walls. Mix 20 ounces of warm water with a tablespoon of dishwashing detergent in a spray bottle. Spritz the solution on your walls, working in one section at a time, and let it sit on for five minutes. Then, wipe down your walls using a rag dipped in clean, warm water.",
how do you clean smoke off walls,<missing-docid-42>,"Scrub the fridge walls and floor with a mixture of baking soda and water. Dissolve 1 cup (128 g) of baking soda into 1 gallon (3.8 L) of warm water. Dip an ordinary dish sponge into this mixture, lightly wring it out, and scrub out the interior of the fridge. Wash the fridge walls, ceiling, and bottom.",
how do you clean smoke off walls,<missing-docid-43>,"Method 1 of 3: Clearing the Air of Smoke and Smells Download Article PRO. {""smallUrl"":""https:\/\/www.wikihow.com\/images\/thumb\/2\/21\/Hide-Smoke-Smell-Indoors-Step-1-Version-2.jpg\/v4-460px-Hide-Smoke-Smell-Indoors-Step-1-Version-2.jpg"",""bigUrl"":""\/images\/thumb\/2\/21\/Hide-Smoke-Smell-Indoors-Step-1-Version-2.jpg\/aid2448887-v4-728px-Hide-Smoke-Smell-Indoors-Step-1-Version-2.jpg"",""smallWidth"":460,""smallHeight"":345,""bigWidth"":728,""bigHeight"":546,""licensing"":""<div class=\""mw-parser-output\""><p>License: <a target=\""_blank\"" rel=\""nofollow noreferrer noopener\"" class=\""external text\"" href=\""https:\/\/creativecommons.org\/licenses\/by-nc-sa\/3.0\/\"">Creative Commons<\/a><br>\n<\/p><p><br \/>\n<\/p><\/div>""}.",
how do you clean smoke off walls,<missing-docid-44>,"Mix one cup white vinegar with two cups of warm water, then add a generous scoop of baking soda. Use a mop, brush, or sponge to wash the walls and window moldings, and wipe it all down with a dry paper towel. {""smallUrl"":""https:\/\/www.wikihow.com\/images\/thumb\/e\/e5\/Hide-Smoke-Smell-Indoors-Step-6-Version-2.jpg\/v4-460px-Hide-Smoke-Smell-Indoors-Step-6-Version-2.jpg"",""bigUrl"":""\/images\/thumb\/e\/e5\/Hide-Smoke-Smell-Indoors-Step-6-Version-2.jpg\/aid2448887-v4-728px-Hide-Smoke-Smell-Indoors-Step-6-Version-2.jpg"",""smallWidth"":460,""smallHeight"":345,""bigWidth"":728,""bigHeight"":546,""licensing"":""<div class=\""mw-parser-output\""><p>License: <a target=\""_blank\"" rel=\""nofollow noreferrer noopener\"" class=\""external text\"" href=\""https:\/\/creativecommons.org\/licenses\/by-nc-sa\/3.0\/\"">Creative Commons<\/a><br>\n<\/p><p><br \/>\n<\/p><\/div>""}.",
how do you clean smoke off walls,<missing-docid-45>,"Rinse your hands thoroughly, and repeat as necessary. Use hand sanitizer and/or moisturizing lotion to help further cover up the smell after you've washed your hands. {""smallUrl"":""https:\/\/www.wikihow.com\/images\/thumb\/4\/4c\/Hide-Smoke-Smell-Indoors-Step-12.jpg\/v4-460px-Hide-Smoke-Smell-Indoors-Step-12.jpg"",""bigUrl"":""\/images\/thumb\/4\/4c\/Hide-Smoke-Smell-Indoors-Step-12.jpg\/aid2448887-v4-728px-Hide-Smoke-Smell-Indoors-Step-12.jpg"",""smallWidth"":460,""smallHeight"":345,""bigWidth"":728,""bigHeight"":546,""licensing"":""<div class=\""mw-parser-output\""><p>License: <a target=\""_blank\"" rel=\""nofollow noreferrer noopener\"" class=\""external text\"" href=\""https:\/\/creativecommons.org\/licenses\/by-nc-sa\/3.0\/\"">Creative Commons<\/a><br>\n<\/p><p><br \/>\n<\/p><\/div>""}.",
how do you clean smoke off walls,<missing-docid-46>,"Borax is a natural mineral cleaner that kills fungus. That is why it is a perfect cleaner for basements. To use, pour 1 cup (240 ml) of borax and 1 gallon (3.8 L) into a bucket. Then, use a brush to scrub the walls and floors with the solution. Follow the cleaning by rinsing with water to remove borax residue.",
how do you clean smoke off walls,<missing-docid-47>,"5. Clean the walls. Fill a large bucket with warm water and about a tablespoon of mild dish detergent. Next, dampen a large sponge in the soapy water, wring it out, and wipe it along the walls to clean them. Once the entire room has been cleaned, “rinse” the walls with a clean sponge and fresh water.",
how do you clean smoke off walls,<missing-docid-48>,"Once you do this, mix together 2 gallons of water, 1-2 cups of white vinegar and half a tablespoon of dish detergent in a large bucket. Then, use a sponge or rag to clean the walls with this solution, which will remove any remaining debris.",
how do you clean smoke off walls,<missing-docid-49>,"Mix about 2 cups (473ml) of warm water with 1 tbsp. (14.7ml) of white vinegar. Soak a rag in this mixture, then use it to spread the solution over the stain area, removing any dried baking soda in the process. Allow the solution to sit for about half an hour so that it can soak in and help dissolve up the stain. {""smallUrl"":""https:\/\/www.wikihow.com\/images\/thumb\/9\/90\/Remove-Oil-Stains-Step-19.jpg\/v4-460px-Remove-Oil-Stains-Step-19.jpg"",""bigUrl"":""\/images\/thumb\/9\/90\/Remove-Oil-Stains-Step-19.jpg\/aid3311341-v4-728px-Remove-Oil-Stains-Step-19.jpg"",""smallWidth"":460,""smallHeight"":345,""bigWidth"":728,""bigHeight"":546,""licensing"":""<div class=\""mw-parser-output\""><p>License: <a target=\""_blank\"" rel=\""nofollow noreferrer noopener\"" class=\""external text\"" href=\""https:\/\/creativecommons.org\/licenses\/by-nc-sa\/3.0\/\"">Creative Commons<\/a><br>\n<\/p><p><br \/>\n<\/p><\/div>""}.",
how do you clean smoke off walls,<missing-docid-50>,"Views: 330,871. Article Summary X. To clean soot stains from walls, begin by using a dry cleaning sponge to wipe the soot from the wall with downward strokes. Work from the top left edge of the stain to the bottom, replacing the sponge as it becomes clogged with soot.",
how do you clean smoke off walls,<missing-docid-51>,"Then, repeat this process until you’ve removed as much loose soot as you can. Next, soak a sponge in soapy water and use it to wipe any remaining residue from the wall. Finally, rinse the wall with water and dry it with a towel. For safety precautions to take while cleaning soot from walls, keep reading.",
how do you clean smoke off walls,<missing-docid-52>,"Once the sponge has absorbed all the soot it can, you can remove any remaining stain with a regular sponge and degreaser. You can also clean soot stains with a microfiber cloth and all-purpose cleaner. Spray the cleaner onto the microfiber cloth and wipe the wall in small sections.",
how do you clean smoke off walls,<missing-docid-53>,"Clean the wall with a degreasing cleaner. Soak a sponge in the solution and wring out the excess. Wipe the wall with the damp sponge to remove soot residue. As the sponge gets dirty, rinse it in the cleaning solution and wring it out again before continuing.",
how do you clean smoke off walls,<missing-docid-54>,"Rinse out your sponge or grab a fresh one, dampen the sponge, and wipe away excess cleaner and soot with the wet sponge. Dry the wall. When the wall is clean, use a towel or rag to dry the surface. Depending on the size of the soot stain you had to remove, you may need more than one towel.",
how do you clean smoke off walls,<missing-docid-55>,"Cleaning Fireplace Smoke Odors. Most of the odor in your fireplace comes from the ash. Using an ash shovel, remove the fireplace ash. Create a mix of 2 cups of white distilled vinegar and 1 gallon of water. Using a scrub brush and a cleaning rag clean inside and around the fireplace with the diluted vinegar.",
how do you clean smoke off walls,<missing-docid-56>,"Soot and charring are common issues after a house fire, so be sure to invest in the following items before you begin the cleaning process: Rubber Gloves. Large Buckets. Safety Goggles. Safety Masks. Rags for Cleaning. Large Cleaning Sponges. Warm Water. TSP or Trisodium Phosphate Cleaner (1 tbsp)",
how do you clean smoke off walls,<missing-docid-57>,"Working section by section, wipe the surface with the sponge, using hard and firm strokes. Once the solution has been applied to the smoke damaged surface, dip a clean rag into a clean bucket of warm water and rinse the residue away. Complete each step until the area is clean from all smoke damage residue. Take extra care not to soak the walls and ceiling with the TSP solution and remember that you may need to repeat these steps several times before the smoke damage lifts completely.",
